1.362421882660028692e-02 2.903102468828203442e+00
2.144209193731443086e-02 1.724965457458507156e+00
4.383276508369066127e-02 2.550669067410292978e+00
2.770736205577727443e-02 2.691147897151332291e+00
2.870848113801697382e-02 4.167146129603499283e+00
6.735189588700377095e-02 4.440900822958401051e+00
6.336895685666338318e-02 3.571757796204935165e+00
8.025246543321497283e-02 4.574044472923668003e+00
7.790043922417429212e-02 2.907582198340517010e+00
8.625456567411163289e-02 4.832766641135606278e+00
1.010236975716588825e-01 2.388038557868855882e+00
1.056860452946524614e-01 4.854064336394825041e+00
1.058686514328117528e-01 4.857787883794450146e+00
1.410873392815435445e-01 3.194282749482031392e+00
1.304546610083753833e-01 2.759050139210571295e+00
1.456790004957217166e-01 5.753390212295654393e+00
1.645715645141619388e-01 3.826936985849433093e+00
1.768604564830289494e-01 4.020122506097168369e+00
1.931958305086635130e-01 3.167356529988377467e+00
1.824354136663776660e-01 3.446252120347453651e+00
1.905057030043151023e-01 4.660346545370449789e+00
2.175011085377260289e-01 4.601054993628485690e+00
2.148856864569574088e-01 3.957495794543151479e+00
2.288264393564357624e-01 3.978270720886946332e+00
2.310223679646334904e-01 6.390844423509046024e+00
2.509095121188419930e-01 4.133510183372368196e+00
2.661586858879381179e-01 4.226980331629537346e+00
2.754244756820050100e-01 3.154643972738676361e+00
2.820554363189405889e-01 4.167336988754664517e+00
2.866654888752890873e-01 4.832007111656402287e+00
3.004594404635440585e-01 2.556713462518005464e+00
3.206922894015653003e-01 5.516982016262134358e+00
3.261241071881659237e-01 6.219735203404185064e+00
3.325437558855383058e-01 4.956335442676742531e+00
3.398324565125991903e-01 4.815485855202119581e+00
3.536823166979928823e-01 5.701687958044038496e+00
3.646259588207318991e-01 4.931090286634749909e+00
3.640800564468590350e-01 4.674704371611725584e+00
3.817346623006573347e-01 5.581207212188132871e+00
4.100991533681016543e-01 5.749213387981957801e+00
4.081799749089227713e-01 5.556790800926316720e+00
4.305818666168359510e-01 6.211504234012060088e+00
4.101051576642789631e-01 5.977445507359957944e+00
4.459481064847281018e-01 5.718674859359036411e+00
4.464368668649254523e-01 5.367526773321026567e+00
4.472938938641058404e-01 5.312263084167359928e+00
4.618703342257826638e-01 6.055445156562702991e+00
4.815472242466425357e-01 5.899040724549814207e+00
4.808933408417302435e-01 6.626311722267570481e+00
4.984686895234288762e-01 6.421738897981789762e+00
5.100698391450524394e-01 7.407287575305006477e+00
5.062491697395044010e-01 5.602513866257601727e+00
5.324511838121431806e-01 6.634622448105790937e+00
5.108264365905406112e-01 7.860905093188447879e+00
5.529761512547315405e-01 5.920276256395521131e+00
5.403835560022977047e-01 5.235086797457666918e+00
5.494170104550515354e-01 4.953837296159294468e+00
5.709441636640164575e-01 7.641298310487131928e+00
5.970806841027116452e-01 7.347861302850418497e+00
5.904550670473496243e-01 7.821388630463821379e+00
6.075177503437201310e-01 7.748944406992991141e+00
6.277384660150522322e-01 8.285284168267772031e+00
6.342715270522930604e-01 7.869072241983153582e+00
6.401969264232973966e-01 5.033460132684796307e+00
6.593059939222686294e-01 8.972347798878018921e+00
6.573444825741434627e-01 7.014127617745983478e+00
6.730929131108936980e-01 6.371198083548851088e+00
6.712887759061185733e-01 7.317664915172342965e+00
7.050679117096296800e-01 8.788852139549089060e+00
6.916874915007339419e-01 8.474557800550204689e+00
7.118191179282874481e-01 6.807113431044444773e+00
7.159447985966161943e-01 7.552703282091430381e+00
7.254207183225711564e-01 7.459707109681096071e+00
7.369717867560300339e-01 7.722224730759904787e+00
7.645470833441301295e-01 7.518228592582135938e+00
7.549066172834578703e-01 8.217468589364754550e+00
7.569373065269665579e-01 8.655702649856426234e+00
7.812304788225252761e-01 8.491201927606381261e+00
7.999406947768974430e-01 7.984630637048209856e+00
8.049869854165756511e-01 8.283830186490547476e+00
8.237966276040513680e-01 9.857307826683014085e+00
8.210006133496280389e-01 9.033727541919812865e+00
8.330136298870429723e-01 9.435143742348245155e+00
8.434517854461084374e-01 7.357008640875039696e+00
8.426603195258428602e-01 8.543893594770302968e+00
8.464833229895410982e-01 7.935464248982929902e+00
8.756513891539092764e-01 6.809698608365815531e+00
8.707446091918741304e-01 9.060997796448649666e+00
8.842854046144682512e-01 9.736697232567358640e+00
8.967908648202297384e-01 1.146086236981670581e+01
9.172670764280917988e-01 1.012132629297763131e+01
9.047174608714899646e-01 8.423471181285593801e+00
9.276476105645443671e-01 1.083978585993510713e+01
9.470186644790534736e-01 7.205079884806655954e+00
9.536884887783172449e-01 8.862411940260216170e+00
9.675113708820386460e-01 1.037075645554282843e+01
9.707002003852041039e-01 1.012937094412954941e+01
9.902456983947860447e-01 1.019702418400942356e+01
9.991371555662172943e-01 1.010592806262910592e+01
9.916622513854655985e-01 1.002142305360424324e+01
